# oST version 5.0 parameters


[image]

width
1440

height
1080

[narrow_stereo]

camera matrix
1820.890146 0.000000 704.208405
0.000000 1825.422772 536.749036
0.000000 0.000000 1.000000

distortion
-0.070137 0.132547 -0.002117 0.000433 0.000000

rectification
1.000000 0.000000 0.000000
0.000000 1.000000 0.000000
0.000000 0.000000 1.000000

projection
1807.045776 0.000000 704.458887 0.000000
0.000000 1815.965454 535.694071 0.000000
0.000000 0.000000 1.000000 0.000000
